<?xml version="1.0" standalone="no"?>
<!DOCTYPE svg PUBLIC "-//W3C//DTD SVG 20010904//EN"
 "http://www.w3.org/TR/2001/REC-SVG-20010904/DTD/svg10.dtd">
<svg version="1.0" xmlns="http://www.w3.org/2000/svg"
 width="275.000000pt" height="183.000000pt" viewBox="0 0 275.000000 183.000000"
 preserveAspectRatio="xMidYMid meet">

<g transform="translate(0.000000,183.000000) scale(0.100000,-0.100000)"
fill="#000000" stroke="none">
<path d="M0 1735 l0 -95 56 5 c31 3 61 8 67 12 13 9 31 11 157 17 47 2 85 5
85 6 0 2 16 4 35 5 19 1 87 7 150 13 63 7 176 14 250 16 212 7 313 15 324 26
6 6 19 10 31 9 19 0 19 -1 1 -8 -11 -4 -15 -10 -10 -14 13 -7 134 4 134 13 0
4 24 3 53 -1 28 -4 259 -10 512 -13 253 -3 469 -7 480 -10 31 -9 214 -27 268
-26 26 1 47 -3 47 -7 0 -4 25 -9 55 -9 l55 -2 0 79 0 79 -1375 0 -1375 0 0
-95z"/>
<path d="M1147 1676 c-12 -12 -17 -13 -20 -3 -3 7 -6 5 -6 -5 -1 -10 4 -18 10
-18 7 0 10 -17 7 -45 -2 -25 0 -45 4 -45 5 0 8 12 9 28 l1 27 8 -25 c6 -20 8
-16 9 24 1 39 4 47 17 42 11 -4 14 -1 12 11 -4 23 -32 28 -51 9z m10 -43 c-3
-10 -5 -4 -5 12 0 17 2 24 5 18 2 -7 2 -21 0 -30z"/>
<path d="M1927 1656 c-21 -8 -46 -21 -55 -29 -9 -8 -30 -25 -45 -38 -46 -38
-98 -115 -91 -133 4 -10 1 -16 -7 -16 -8 0 0 -9 17 -20 37 -24 139 -36 209
-26 46 7 46 8 29 28 -11 11 -20 15 -22 9 -2 -6 -8 -11 -13 -11 -6 0 -8 4 -5 9
5 8 -17 23 -37 25 -10 1 -37 36 -37 47 0 4 23 13 52 19 63 16 208 8 302 -16
63 -16 91 -37 44 -34 -37 3 -46 1 -51 -14 -5 -11 6 -13 56 -9 34 3 63 7 65 8
2 2 -3 16 -12 32 -33 61 -142 155 -155 134 -5 -8 -13 -7 -27 4 -10 8 -31 15
-46 15 -15 0 -34 8 -44 17 -13 13 -19 14 -22 5 -2 -6 -18 -12 -35 -11 -27 0
-29 2 -12 9 l20 9 -20 0 c-11 0 -37 -6 -58 -13z m-47 -196 c25 -50 26 -64 1
-48 -20 12 -51 59 -51 77 0 26 31 8 50 -29z m-60 -13 c0 -10 -4 -15 -10 -12
-5 3 -10 18 -10 33 0 21 2 24 10 12 5 -8 10 -23 10 -33z"/>
<path d="M1145 1475 l6 -60 -33 -15 c-74 -34 -92 -136 -63 -351 10 -71 15
-132 12 -135 -3 -3 -16 1 -29 10 -26 19 -55 21 -60 5 -3 -9 -10 -9 -26 0 -26
14 -73 3 -159 -34 -51 -23 -128 -75 -90 -62 10 4 17 1 17 -7 0 -7 7 -13 15
-13 11 0 12 4 4 13 -7 8 -6 14 2 20 8 4 9 3 5 -4 -11 -18 5 -14 27 6 11 9 17
12 14 6 -4 -7 0 -17 8 -24 12 -10 18 -9 32 5 16 17 16 18 0 30 -17 12 -17 13
-1 19 10 4 20 3 23 -2 10 -15 45 -22 61 -12 13 9 13 11 0 19 -12 9 -12 11 3
17 10 4 23 2 29 -4 8 -8 15 -7 25 4 16 16 33 19 33 5 0 -5 -8 -12 -17 -14 -15
-4 -16 -5 -2 -6 10 -1 19 -13 22 -28 6 -31 -1 -55 -14 -47 -5 3 -12 -2 -15
-11 -4 -10 -13 -13 -25 -10 -13 4 -19 1 -19 -9 0 -10 -9 -16 -24 -16 -14 0
-36 -11 -50 -24 -27 -24 -35 -43 -14 -30 7 4 8 3 4 -4 -4 -7 -16 -12 -26 -12
-10 0 -20 -6 -22 -13 -2 -11 -12 -10 -43 5 -31 15 -34 18 -13 15 18 -3 25 0
21 8 -2 7 -12 11 -22 8 -15 -4 -18 0 -14 21 3 15 1 26 -6 26 -10 0 -16 -22
-12 -44 1 -5 -4 -4 -12 2 -8 7 -23 9 -32 5 -14 -5 -16 -3 -9 8 11 19 14 39 5
39 -5 0 -13 -10 -20 -22 -11 -23 -11 -23 -5 2 l6 25 -20 -26 c-40 -50 -55
-104 -47 -173 5 -47 12 -69 28 -83 12 -11 40 -41 62 -68 62 -74 74 -83 119
-89 98 -15 237 78 290 193 24 52 25 54 34 30 6 -13 22 -50 36 -83 39 -87 39
-86 -43 -174 -25 -27 -45 -41 -52 -36 -7 4 -9 3 -5 -4 7 -12 -53 -58 -71 -54
-7 2 -13 -1 -13 -7 0 -5 -44 -19 -97 -31 -105 -24 -200 -24 -242 1 -19 11 -25
11 -28 2 -3 -7 -14 -13 -26 -14 -20 -1 -20 -1 3 -8 55 -17 247 -21 451 -11
185 10 235 9 346 -4 159 -20 359 -20 523 -2 69 8 172 17 230 21 180 11 414 35
424 45 9 9 -91 25 -134 22 -19 -2 -14 3 19 18 74 34 118 77 153 147 27 55 33
79 36 156 5 108 -8 178 -53 272 -68 143 -207 279 -359 353 -160 78 -181 85
-207 73 -21 -11 -22 -10 -7 2 16 13 12 16 -43 40 -46 20 -66 24 -80 16 -13 -6
-19 -6 -19 1 0 5 6 10 13 10 8 0 7 4 -3 10 -24 15 -27 12 -22 -21 3 -21 1 -30
-6 -25 -6 3 -13 2 -17 -4 -3 -5 0 -10 7 -10 9 0 9 -3 -2 -10 -10 -7 -11 -10
-2 -10 7 0 15 6 18 14 6 15 64 40 72 31 3 -3 0 -5 -6 -5 -21 0 -13 -26 11 -38
22 -11 22 -11 1 -11 -22 -1 -57 -31 -35 -31 6 0 11 5 11 10 0 6 10 10 23 9 12
0 17 -3 10 -5 -7 -3 -9 -12 -6 -20 3 -8 -1 -22 -8 -31 -13 -15 -11 -16 15 -9
24 6 27 5 18 -6 -13 -16 -112 -14 -123 3 -3 6 -10 11 -15 11 -25 3 -43 11 -38
19 3 5 -3 12 -13 16 -10 4 -32 17 -49 30 -17 12 -34 20 -37 16 -4 -3 -7 4 -7
16 0 12 4 19 10 16 6 -3 10 1 10 9 0 9 6 16 13 16 7 0 18 9 25 21 12 18 11 19
-7 10 -11 -6 -27 -18 -35 -27 -11 -10 -16 -11 -16 -3 0 7 -8 5 -22 -7 -12 -10
-19 -14 -15 -8 3 6 -1 23 -9 38 -7 16 -14 32 -14 37 0 5 -8 17 -18 27 -17 17
-20 17 -30 3 -10 -14 -11 -14 -11 2 -1 9 -5 17 -10 17 -5 0 -12 11 -15 25 -4
16 -11 22 -21 19 -10 -4 -15 0 -15 11 0 10 4 13 13 9 9 -6 9 -5 0 8 -7 8 -9
19 -5 23 4 5 -1 5 -11 2 -10 -4 -21 -7 -23 -7 -2 0 -4 -9 -4 -20 0 -12 29 -55
64 -98 70 -85 103 -141 89 -151 -5 -3 -13 -14 -16 -24 -7 -17 -9 -17 -35 7
-15 14 -40 37 -57 51 -16 14 -40 35 -52 47 -12 12 -25 20 -27 17 -7 -6 52 -69
65 -69 5 0 9 -5 9 -11 0 -5 -6 -7 -12 -3 -19 11 13 -27 41 -50 13 -11 28 -25
34 -31 9 -9 14 -9 22 -1 5 6 9 9 8 7 -1 -2 12 -12 30 -21 17 -10 32 -22 32
-28 0 -6 4 -14 9 -19 5 -5 6 -3 2 5 -4 6 -4 12 1 12 11 0 40 -20 30 -20 -5 0
-1 -7 7 -16 9 -8 14 -20 11 -25 -4 -5 0 -6 8 -3 8 3 18 0 23 -7 5 -8 3 -10 -7
-5 -8 4 -5 0 5 -8 11 -9 16 -16 12 -16 -4 0 0 -7 9 -16 9 -9 13 -19 10 -22 -3
-4 -10 0 -15 8 -6 9 -10 10 -10 3 0 -6 5 -15 10 -18 6 -4 7 -12 3 -18 -5 -8
-2 -8 9 1 13 10 18 9 29 -5 13 -17 13 -17 -5 -3 -17 14 -18 13 -13 -5 16 -51
24 -104 16 -99 -5 3 -9 15 -9 27 0 17 -6 22 -30 24 -21 2 -30 -2 -30 -13 0 -9
-5 -12 -12 -8 -7 4 -8 3 -4 -4 11 -18 39 -15 32 3 -3 8 -1 15 4 15 6 0 10 -5
10 -11 0 -5 6 -7 13 -3 6 4 5 -1 -4 -12 -9 -10 -24 -33 -33 -51 -12 -24 -21
-30 -36 -26 -13 3 -20 0 -20 -8 0 -9 -3 -10 -8 -4 -9 12 -42 16 -42 5 0 -5 6
-11 13 -13 6 -3 2 -6 -10 -6 -13 -1 -23 3 -23 7 0 5 -26 8 -57 6 -32 -1 -65 2
-73 7 -10 6 -3 7 20 4 l35 -5 -30 14 c-24 12 -33 12 -45 1 -17 -14 -40 -9 -56
13 -6 8 -16 12 -22 8 -7 -4 -23 5 -38 21 -14 15 -23 22 -19 16 3 -7 1 -13 -5
-13 -7 0 -10 6 -7 14 3 7 0 19 -6 25 -8 8 -7 11 5 11 24 0 28 13 10 30 -14 13
-15 12 -9 -3 3 -9 2 -17 -3 -17 -6 0 -10 4 -10 10 0 5 -7 7 -15 4 -8 -4 -15
-1 -15 6 0 6 4 9 9 5 5 -3 12 -1 15 4 6 8 -35 66 -57 82 -5 4 -3 9 4 12 10 3
5 14 -19 37 -18 18 -30 35 -27 39 3 3 10 -1 15 -9 6 -8 10 -11 10 -6 0 5 6 3
14 -3 12 -10 13 -9 9 8 -3 11 -10 18 -17 15 -7 -3 -21 5 -32 17 -19 22 -19 22
1 15 19 -7 19 -6 2 11 -16 16 -16 18 5 31 13 7 15 11 6 8 -26 -8 -55 25 -76
87 -19 53 -19 59 -5 88 10 21 18 27 23 19 6 -9 13 -7 27 7 16 16 17 21 6 32
-7 6 -13 26 -13 44 0 18 -5 39 -10 47 -8 11 -9 -3 -5 -45z m505 -226 c0 -6 6
-9 13 -6 7 3 24 -4 38 -15 l24 -19 -25 6 c-18 4 -14 0 13 -15 43 -24 44 -26
18 -33 -14 -3 -18 -1 -14 9 3 9 -2 14 -14 14 -11 0 -31 13 -46 28 -29 30 -33
42 -17 42 6 0 10 -5 10 -11z m-130 -21 c0 -6 -6 -5 -15 2 -8 7 -15 14 -15 16
0 2 7 1 15 -2 8 -4 15 -11 15 -16z m448 10 c-2 -7 4 -11 12 -10 8 2 12 0 8 -3
-4 -4 -3 -16 3 -27 10 -18 12 -18 34 -4 32 21 42 20 22 -1 -14 -16 -14 -20 3
-41 l19 -23 21 21 c25 25 29 25 27 1 0 -11 -4 -18 -8 -16 -3 3 -14 -2 -25 -9
-14 -11 -16 -17 -7 -28 10 -11 8 -14 -10 -15 -14 -2 -17 1 -9 6 14 8 0 10
-113 14 -61 2 -95 13 -95 31 0 6 32 2 82 -8 15 -4 30 -1 34 5 4 8 3 9 -4 5 -7
-4 -12 -2 -12 3 0 13 3 13 24 5 9 -3 13 -11 9 -18 -3 -6 -1 -6 8 2 19 17 37
15 42 -5 3 -11 5 -7 6 10 1 30 -2 32 -30 16 -17 -9 -20 -8 -18 8 4 23 -18 63
-34 62 -9 0 -9 -2 1 -6 17 -7 15 -33 -4 -33 -8 0 -13 4 -10 9 4 5 2 11 -3 13
-11 4 5 48 19 48 5 0 9 -6 8 -12z m92 -8 c0 -5 -2 -10 -4 -10 -3 0 -8 5 -11
10 -3 6 -1 10 4 10 6 0 11 -4 11 -10z m-516 -26 c3 -8 2 -12 -4 -9 -6 3 -10
10 -10 16 0 14 7 11 14 -7z m551 -17 c-10 -8 -15 -19 -11 -25 3 -6 -1 -9 -9
-8 -9 1 -15 5 -15 9 0 4 0 12 0 18 0 5 4 8 9 4 5 -3 12 -1 16 5 3 5 11 10 18
10 6 0 3 -6 -8 -13z m42 -9 c2 -17 0 -19 -7 -8 -5 8 -6 18 -4 22 8 12 10 10
11 -14z m-337 -38 c8 -5 11 -10 5 -10 -5 0 -17 5 -25 10 -8 5 -10 10 -5 10 6
0 17 -5 25 -10z m364 1 c3 -5 -3 -11 -14 -14 -13 -3 -20 0 -20 9 0 15 26 19
34 5z m46 1 c0 -4 -4 -12 -10 -18 -5 -5 -6 -15 0 -23 6 -11 12 -12 23 -3 11 9
13 7 11 -11 -1 -12 -3 -26 -3 -32 -1 -5 -12 2 -25 18 -13 15 -29 27 -37 27 -8
0 -4 7 9 16 12 8 20 20 17 25 -4 5 -1 9 4 9 6 0 11 -4 11 -8z m-98 -48 c-2
-18 -2 -18 13 0 8 11 18 17 21 13 9 -9 -15 -37 -33 -37 -8 0 -12 -4 -9 -9 3
-5 -10 -12 -29 -15 -19 -4 -34 -12 -32 -19 2 -13 -36 -18 -55 -6 -10 7 -10 9
0 9 6 0 12 6 12 14 0 9 -11 12 -35 10 -43 -3 -53 9 -19 25 15 6 23 7 19 1 -3
-5 1 -10 10 -10 9 0 25 -5 36 -11 19 -10 19 -12 4 -23 -15 -11 -14 -12 4 -12
11 0 18 4 15 7 -2 4 1 11 7 15 8 4 7 9 -2 16 -11 7 -9 9 6 7 50 -4 57 0 52 26
-3 17 0 24 7 22 6 -2 10 -13 8 -23z m-97 -4 c13 -6 15 -9 5 -9 -8 0 -22 4 -30
9 -18 12 -2 12 25 0z m163 -19 c3 -8 -1 -12 -9 -9 -7 2 -15 10 -17 17 -3 8 1
12 9 9 7 -2 15 -10 17 -17z m-23 -11 c3 -5 1 -10 -4 -10 -6 0 -11 -7 -11 -15
0 -16 3 -15 44 22 11 10 15 8 19 -9 9 -31 3 -35 -48 -34 -25 1 -45 -3 -45 -7
0 -5 -4 -5 -10 -2 -15 9 -12 25 4 25 8 0 18 9 21 20 7 22 20 26 30 10z m120
-12 c-3 -32 -3 -32 -18 -20 -9 8 -15 4 -24 -14 -9 -19 -8 -26 2 -32 11 -6 11
-10 -1 -26 -8 -11 -14 -14 -14 -8 0 10 -5 10 -21 1 -17 -9 -20 -8 -13 3 5 7 7
20 6 30 -2 9 7 23 20 32 12 9 19 16 15 16 -4 0 -2 6 5 14 11 11 15 11 26 -3
11 -14 12 -13 7 7 -4 12 -2 22 3 22 5 0 8 -10 7 -22z m-350 -18 c3 -5 1 -10
-4 -10 -6 0 -11 5 -11 10 0 6 2 10 4 10 3 0 8 -4 11 -10z m155 -4 c0 -2 -7 -9
-15 -16 -13 -11 -14 -10 -9 4 5 14 24 23 24 12z m254 -19 c4 4 4 -1 0 -10 -3
-10 -7 -17 -8 -15 -1 2 -8 12 -16 23 -14 18 -13 19 1 8 9 -7 19 -10 23 -6z
m-1094 -29 c0 -4 -4 -8 -9 -8 -6 0 -12 4 -15 8 -3 5 1 9 9 9 8 0 15 -4 15 -9z
m815 2 c3 -5 2 -10 -4 -10 -5 0 -13 5 -16 10 -3 6 -2 10 4 10 5 0 13 -4 16
-10z m120 1 c6 -2 1 -6 -10 -10 -11 -5 -23 -4 -26 1 -6 10 -41 -1 -35 -11 3
-4 -4 -8 -15 -8 -10 -1 -19 2 -19 8 0 5 7 9 16 9 8 0 13 4 10 8 -4 7 48 8 79
3z m127 -13 c-7 -7 -12 -8 -12 -2 0 14 12 26 19 19 2 -3 -1 -11 -7 -17z m-242
-22 c0 -10 -30 0 -34 11 -4 11 -1 11 14 3 11 -6 20 -12 20 -14z m-817 1 c4 3
7 1 7 -5 0 -17 -16 -15 -31 6 -12 15 -12 16 2 5 9 -7 19 -10 22 -6z m897 -1
c0 -2 -7 -7 -16 -10 -8 -3 -12 -2 -9 4 6 10 25 14 25 6z m-35 -26 c3 -5 2 -10
-4 -10 -5 0 -13 5 -16 10 -3 6 -2 10 4 10 5 0 13 -4 16 -10z m149 -14 c-3 -9
-13 -16 -22 -16 -13 0 -12 3 3 20 20 23 29 21 19 -4z m-974 -28 c0 -4 -9 0
-20 9 -11 10 -20 21 -20 25 0 4 9 0 20 -9 11 -10 20 -21 20 -25z m885 32 c-3
-5 -12 -10 -18 -10 -7 0 -6 4 3 10 19 12 23 12 15 0z m42 -5 c0 -8 -4 -15 -9
-15 -10 0 -11 14 -1 23 9 10 10 9 10 -8z m-162 -35 c3 -5 1 -10 -4 -10 -6 0
-11 5 -11 10 0 6 2 10 4 10 3 0 8 -4 11 -10z m-282 -30 c-3 -11 -10 -23 -16
-27 -5 -3 -8 -2 -5 3 3 5 8 17 11 27 9 24 16 22 10 -3z m-423 -10 c0 -5 -2
-10 -4 -10 -3 0 -8 5 -11 10 -3 6 -1 10 4 10 6 0 11 -4 11 -10z m50 -30 c0 -5
-2 -10 -4 -10 -3 0 -8 5 -11 10 -3 6 -1 10 4 10 6 0 11 -4 11 -10z m327 -66
c-3 -3 -12 -4 -19 -1 -8 3 -5 6 6 6 11 1 17 -2 13 -5z m-1017 -38 c0 -3 -4 -8
-10 -11 -5 -3 -10 -1 -10 4 0 6 5 11 10 11 6 0 10 -2 10 -4z m682 -496 c8 0
21 -7 28 -15 12 -14 -8 -15 -181 -10 -242 8 -249 8 -249 15 0 3 20 16 45 29
41 21 155 128 163 151 2 6 43 -30 91 -80 48 -49 94 -90 103 -90z m560 18 c-23
-4 -47 -10 -52 -13 -16 -10 -12 4 12 35 l21 29 31 -22 30 -22 -42 -7z"/>
<path d="M2005 1170 c-3 -5 -1 -10 4 -10 6 0 11 5 11 10 0 6 -2 10 -4 10 -3 0
-8 -4 -11 -10z"/>
<path d="M2166 1032 c-2 -4 4 -8 15 -8 10 0 19 4 19 8 0 10 -27 10 -34 0z"/>
<path d="M2206 981 c-3 -5 1 -11 9 -15 8 -3 15 -1 15 4 0 13 -18 22 -24 11z"/>
<path d="M1019 1496 c-2 -2 -17 -6 -34 -9 -94 -15 -103 -20 -159 -75 -84 -84
-89 -90 -81 -101 3 -6 -7 -23 -24 -39 -32 -29 -51 -88 -50 -157 0 -35 2 -38
12 -21 65 103 177 229 258 292 81 62 93 60 90 -14 0 -20 3 -30 9 -27 18 11 50
83 50 111 0 22 -2 25 -15 14 -18 -15 -20 1 -3 18 9 9 5 12 -18 12 -17 0 -33
-2 -35 -4z m40 -81 c0 -18 -1 -17 -13 5 -8 14 -12 29 -9 33 8 12 23 -14 22
-38z"/>
<path d="M2145 1450 c3 -5 8 -10 11 -10 2 0 4 5 4 10 0 6 -5 10 -11 10 -5 0
-7 -4 -4 -10z"/>
<path d="M1645 1425 l-40 -13 45 5 c25 3 49 9 55 14 13 13 -12 10 -60 -6z"/>
<path d="M2019 1414 c-9 -11 -7 -14 14 -14 32 0 44 16 17 23 -10 3 -24 -1 -31
-9z"/>
<path d="M2108 1423 c7 -3 16 -2 19 1 4 3 -2 6 -13 5 -11 0 -14 -3 -6 -6z"/>
<path d="M1200 1412 c0 -4 18 -8 40 -9 22 -1 40 2 40 5 0 4 -18 8 -40 9 -22 1
-40 -2 -40 -5z"/>
<path d="M1326 1379 c17 -19 54 -26 54 -11 0 17 -14 21 -28 9 -10 -7 -13 -8
-9 -1 4 7 -2 14 -14 17 -20 5 -20 5 -3 -14z"/>
<path d="M1001 1355 c-1 -20 -4 -26 -9 -17 -6 8 -9 2 -9 -17 0 -29 1 -30 14
-11 8 11 12 33 10 48 l-4 27 -2 -30z"/>
<path d="M1767 1339 c-3 -12 -1 -19 5 -17 13 5 20 38 8 38 -4 0 -10 -9 -13
-21z"/>
<path d="M1365 1340 c3 -5 10 -10 16 -10 5 0 9 5 9 10 0 6 -7 10 -16 10 -8 0
-12 -4 -9 -10z"/>
<path d="M1808 1325 c2 -14 8 -22 13 -19 5 3 5 14 -1 25 -14 26 -18 24 -12 -6z"/>
<path d="M1141 1274 c0 -11 3 -14 6 -6 3 7 2 16 -1 19 -3 4 -6 -2 -5 -13z"/>
<path d="M1160 1271 c0 -6 4 -13 10 -16 6 -3 7 1 4 9 -7 18 -14 21 -14 7z"/>
<path d="M1850 1240 c0 -5 7 -7 15 -4 8 4 15 8 15 10 0 2 -7 4 -15 4 -8 0 -15
-4 -15 -10z"/>
<path d="M1788 1233 c7 -3 16 -2 19 1 4 3 -2 6 -13 5 -11 0 -14 -3 -6 -6z"/>
<path d="M1830 1190 c8 -5 29 -9 45 -9 29 1 29 1 5 9 -14 4 -34 8 -45 9 -16 1
-17 -1 -5 -9z"/>
<path d="M670 1059 c0 -5 5 -7 10 -4 6 3 10 8 10 11 0 2 -4 4 -10 4 -5 0 -10
-5 -10 -11z"/>
<path d="M1707 960 c3 -11 9 -17 15 -14 5 3 4 12 -3 20 -16 19 -18 18 -12 -6z"/>
<path d="M1340 873 c1 -22 26 -40 45 -32 17 7 18 8 2 8 -10 1 -20 8 -23 16 -6
15 -24 21 -24 8z"/>
<path d="M1524 858 c3 -22 17 -39 27 -33 16 10 10 25 -8 18 -10 -4 -14 -2 -9
5 3 6 2 13 -3 16 -5 4 -8 0 -7 -6z"/>
<path d="M1600 840 c-12 -8 -11 -10 7 -10 12 0 25 5 28 10 8 13 -15 13 -35 0z"/>
<path d="M1651 828 c-7 -12 -6 -18 4 -22 9 -3 15 1 15 9 0 8 5 15 11 15 5 0 8
-4 5 -9 -4 -5 1 -8 9 -7 19 3 32 16 16 16 -7 0 -10 3 -8 8 3 4 -5 7 -18 7 -13
0 -28 -7 -34 -17z"/>
<path d="M773 833 c4 -3 1 -13 -6 -22 -11 -14 -10 -14 5 -2 16 12 16 31 1 31
-4 0 -3 -3 0 -7z"/>
<path d="M670 810 c0 -6 7 -10 15 -10 8 0 15 2 15 4 0 2 -7 6 -15 10 -8 3 -15
1 -15 -4z"/>
<path d="M1590 810 c-23 -7 -23 -8 -3 -9 12 -1 25 4 28 9 3 6 5 10 3 9 -2 -1
-14 -5 -28 -9z"/>
<path d="M837 329 c-10 -6 -24 -8 -32 -5 -9 3 -12 0 -8 -10 6 -15 33 -20 33
-5 0 5 12 14 28 19 15 6 20 11 12 11 -8 0 -23 -4 -33 -10z"/>
<path d="M540 236 c0 -2 8 -10 18 -17 15 -13 16 -12 3 4 -13 16 -21 21 -21 13z"/>
</g>
</svg>
